---
build/images/cuvalice.jpg: 2017-07-02 15:43:25.000000000 +03:00
build/images/facebook.png: 2017-07-02 10:58:37.000000000 +03:00
build/images/hooch/1.jpg: 2017-07-02 10:58:37.000000000 +03:00
build/images/hooch/1_small.jpg: 2017-07-02 10:58:37.000000000 +03:00
build/images/hooch/2.jpg: 2017-07-01 23:09:37.000000000 +03:00
build/images/hooch/3.jpg: 2017-07-01 23:09:37.000000000 +03:00
build/images/hooch/4.jpg: 2017-07-01 23:09:37.000000000 +03:00
build/images/hooch/facebook.png: 2017-07-02 10:58:37.000000000 +03:00
build/images/hooch/facebook_2.png: 2017-07-02 10:58:37.000000000 +03:00
build/images/jack/1.jpg: 2017-07-02 10:58:37.000000000 +03:00
build/images/jack/1_small.jpg: 2017-07-02 10:58:37.000000000 +03:00
build/images/jack/2.jpg: 2017-07-02 10:58:37.000000000 +03:00
build/images/jack/3.jpg: 2017-07-02 10:58:37.000000000 +03:00
build/images/jack/4.jpg: 2017-07-02 10:58:37.000000000 +03:00
build/images/jack/5.jpg: 2017-07-02 10:58:37.000000000 +03:00
build/images/jack/facebook.png: 2017-07-02 10:58:37.000000000 +03:00
build/images/jack/facebook_2.png: 2017-07-02 10:58:37.000000000 +03:00
build/images/joy.png: 2017-07-02 13:18:24.000000000 +03:00
build/images/kumstvo.jpg: 2017-07-02 15:44:10.000000000 +03:00
build/images/miyu/1.jpg: 2017-07-02 10:58:37.000000000 +03:00
build/images/miyu/1_small.jpg: 2017-07-02 10:58:37.000000000 +03:00
build/images/miyu/2.jpg: 2017-07-01 23:09:37.000000000 +03:00
build/images/miyu/3.jpg: 2017-07-01 23:09:37.000000000 +03:00
build/images/miyu/4.jpg: 2017-07-01 23:09:37.000000000 +03:00
build/images/miyu/5.jpg: 2017-07-01 23:09:37.000000000 +03:00
build/images/miyu/facebook.png: 2017-07-02 10:58:37.000000000 +03:00
build/images/miyu/facebook_2.png: 2017-07-02 10:58:37.000000000 +03:00
build/images/neron/1.jpg: 2017-07-02 10:58:37.000000000 +03:00
build/images/neron/1_small.jpg: 2017-07-02 10:58:37.000000000 +03:00
build/images/neron/2.jpg: 2017-07-01 23:09:37.000000000 +03:00
build/images/neron/3.jpg: 2017-07-01 23:09:36.000000000 +03:00
build/images/neron/4.jpg: 2017-07-01 23:09:36.000000000 +03:00
build/images/neron/5.jpg: 2017-07-01 23:09:36.000000000 +03:00
build/images/neron/facebook.png: 2017-07-02 10:58:37.000000000 +03:00
build/images/neron/facebook_2.png: 2017-07-02 10:58:37.000000000 +03:00
build/images/pets.jpg: 2017-07-02 15:44:16.000000000 +03:00
build/images/ron-weasley/1.jpg: 2017-07-02 10:58:37.000000000 +03:00
build/images/ron-weasley/1_small.jpg: 2017-07-02 10:58:37.000000000 +03:00
build/images/ron-weasley/2.jpg: 2017-07-02 15:44:17.000000000 +03:00
build/images/ron-weasley/3.jpg: 2017-07-02 15:44:17.000000000 +03:00
build/images/ron-weasley/4.jpg: 2017-07-01 23:09:36.000000000 +03:00
build/images/ron-weasley/5.jpg: 2017-07-02 15:44:17.000000000 +03:00
build/images/ron-weasley/facebook.png: 2017-07-02 10:58:37.000000000 +03:00
build/images/ron-weasley/facebook_2.png: 2017-07-02 10:58:37.000000000 +03:00
build/stylesheets/foundation-sites/vendor/modernizr/media/Modernizr 2 Logo.png: 2017-07-02
  13:18:50.000000000 +03:00
